interval = 300
top = -29.378291639798185
bottom = -35.61245928409031
left = 133.48388671875003
right = 158.79638671875003
